#1
123.18979284873792
123.96763811505264
129.63313796522547
130.14396172220827
130.6663951100316
132.82578644636797
142.3921222589549
143.16996752526964
145.5731611092569
146.95470717927853
148.25498583341658
149.82228599688654
151.1573935435461
153.641854543417
154.39648054805068
157.00864748716725
161.5247938841288
162.00078874859005
162.50000287473233
163.64935632794362
164.22983786996951
164.7871001503144
165.8667958184826
166.54015440723262
168.4557434959181
180.23951879904402
180.82000034106994
182.1551078877295
#2
5.491355387565077
6.571051055733264
7.732014139785077
8.289276420129948
8.939415747198963
9.844966952759378
11.122026345216373
11.853433088169014
12.19011238254404
14.99964304594943
15.080910461833057
16.67142988698404
16.822355087910775
16.822355087910775
16.822355087910775
18.203901157932435
19.364864241984247
20.061442092415337
20.560656218557614
20.885725882092125
20.90894514377316
20.90894514377316
20.90894514377316
20.90894514377316
21.953811919419792
22.661999400691396
23.32374835860093
25.982353821079585
27.538044353709015
28.037258479851292
29.639387535842797
29.709045320885906
29.906409045174712
29.906409045174712
29.906409045174712
30.753912096532538
30.870008404937717
30.870008404937717
31.903265549743832
32.437308568407666
34.550261381381965
34.852111783235436
35.165571815929425
35.69961483459326
38.06797952605896
40.70336572685658
41.5508687782144
43.31553266597316
44.081768301447354
44.72029799767585
45.14985433877502
45.521362525671606
47.3092456751114
47.35568419847347
47.35568419847347
47.35568419847347
47.87811758629679
50.29292080112456
50.82696381978839
51.04754680575824
51.04754680575824
52.39426398325834
52.91669737108165
53.473959651426526
54.50721679623264
55.30828132422839
57.038116319465594
58.141031249314814
59.185898024961446
59.7315506744658
60.8228559734745
61.36850862297886
61.93738053416425
65.37383126295761
65.90787428162145
65.96592243582404
65.96592243582404
66.34904025356114
66.44191730028528
67.2197625666
68.50843158989751
69.06569387024238
69.68100430478984
72.88526241677285
73.3032091270315
73.91851956157896
74.47578184192383
74.98660559890664
76.00825311287223
76.58873465489813
76.85575616423004
77.72647847726891
78.89905119216124
79.10802454729057
79.46792310334664
80.38508393974756
81.23258699110538
81.78984927145025
82.17296708918735
83.3571494349202
84.92444959839015
85.4120540936919
86.58462680858425
87.01418314968342
88.18675586457574
88.61631220567492
88.70918925239906
89.15035522433875
89.26645153274393
89.83532344392933
90.3345375700716
91.33296582235616
93.00475266339078
94.53722393433917
95.15253436888663
95.61691960250735
96.39476486882207
96.46442265386517
97.75309167716269
98.34518285002912
98.77473919112829
99.40165925651627
99.88926375181802
100.42330677048186
100.92252089662414
102.57108847597772
103.05869297127947
103.59273598994331
104.1616079011287
104.77691833567616
105.78695621880124
106.36743776082714
107.44713342899533
108.4455616812799
109.29306473263772
109.6065247653317
110.66300117181885
111.42923680729305
111.96327982595689
112.26513022781036
113.82082076043979
115.74801947996579
116.82771514813399
117.12956554998746
117.69843746117284
119.38183393304797
120.00875399843595
120.61245480214289
131.96667376416963
133.33661020335077
134.07962657714393
134.4395251332
134.97356815186382
135.7281941564975
138.67704038998912
141.6026673617997
143.44859866544206
144.7372676887396
146.66446640826558
148.34786288014072
149.90355341277015
151.02968760430042
151.36636689867544
152.03972548742547
153.85082789854633
155.6387110479861
156.55587188438705
156.97381859464568
157.83293127684402
159.4698892253571
160.47992710848217
161.48996499160725
161.84986354766332
162.38390656632714
162.70897622986166
164.18339934660744
165.2398757530946
165.98289212688778
166.44727736050848
166.95810111749128
167.91009084641377
168.58344943516383
169.0013961454225
169.51221990240526
169.9185569818234
170.75445040234072
171.1375682200778
172.7280876452288
174.31860707037978
174.8410404582031
175.52600867779367
176.48960803755668
177.40676887395762
178.06851783186715
179.18304239255687
179.9608876588716
180.40205363081128
181.28438557469067
181.8764767475571
182.4453486587425
183.50182506522964
189.32985974716973
189.6897583032258
#3
0.05804815420259067
1.7066157335561658
3.3319640512287045
4.922483476379689
6.048617667909948
7.650746723901451
8.161570480884249
8.695613499548083
9.218046887371399
10.274523293858548
12.37586647599233
12.909909494656166
13.432342882479482
16.05611945243658
16.578552840259896
17.10098622808321
17.65824850842808
20.618704372760206
21.164357022264557
21.698400040928394
21.953811919419792
23.846181746424246
24.38022476508808
24.914267783751917
25.44831080241575
27.050439858407252
27.572873246230568
28.118525895734923
29.151783040541034
30.266307601230775
30.80035061989461
31.334393638558446
32.959741956230985
34.016218362718135
34.573480643063
35.09591403088632
37.76612912420549
38.78777663817109
39.35664854935647
40.64531757265399
40.912339081985905
40.912339081985905
41.9339865959515
42.49124887629637
43.00207263327917
43.52450602110248
44.62742095095171
45.18468323129658
45.68389735743886
46.751983394766526
47.28602641343036
47.82006943209419
47.87811758629679
47.87811758629679
47.87811758629679
48.4005509741201
49.96785113759005
51.08237569827979
51.6048090861031
52.12724247392642
52.649675861749735
53.16049961873254
54.80906719808611
55.38954874011202
56.44602514659917
60.277203323970156
62.49464281450911
63.051905094853986
64.73530156672912
65.29256384707399
65.6176335106085
65.86143575825938
66.38386914608269
66.92952179558705
67.52161296845347
68.53165085157855
69.146961286126
70.14538953841057
70.44723994026404
71.20186594489772
71.73590896356156
72.78077573920818
73.41930543543668
74.91694781386352
75.45099083252735
75.98503385119119
76.29849388388517
77.0763391501999
77.86579404735512
78.4230563277
78.96870897720434
79.54919051923025
80.09484316873461
80.61727655655793
81.70858185556663
82.35872118263565
82.7766678928943
83.32232054239864
83.82153466854093
84.39040657972632
86.07380305160144
86.51496902354114
87.06062167304549
88.12870771037316
88.43055811222663
89.26645153274393
89.7540560280457
90.25327015418797
90.79892280369232
91.86700884102
92.42427112136487
93.45752826617098
94.0496194390374
96.20901077537378
96.68500563983503
97.78792056968425
98.275525064986
98.87922586869294
99.65707113500767
100.01696969106372
100.98056905082673
101.58426985453367
102.02543582647337
103.62756488246487
105.24130356929689
106.30938960662455
106.4022666533487
106.87826151780995
107.3658660131117
107.96956681681864
108.49200020464197
109.02604322330579
109.478818826086
111.19704419048269
111.69625831662496
112.70629619975004
112.81078287731471
113.30999700345698
114.27359636322
114.90051642860797
115.48099797063388
115.94538320425461
117.08312702662538
121.04201114324206
122.922771339406
123.7470551290828
124.25787888606558
126.95131324106579
133.8590435911741
135.48439190884662
136.00682529666994
137.58573509098042
138.14299737132527
139.19947377781241
141.52139994591604
144.4934654410887
145.8285729877483
146.3393967447311
148.11567026333034
149.7410185810029
150.9600298192573
151.48246320708063
151.97006770238238
153.15425004811522
153.60702565089542
154.14106866955927
154.77959836578776
155.17432581436537
155.70836883302923
156.13792517412838
156.74162597783533
157.79810238432248
158.3205357721458
160.3173922767149
161.17650495891326
161.977569486909
162.30263915044353
162.62770881397802
163.10370367843927
163.91637783727555
164.2646667624911
164.74066162695232
165.4256298465429
165.82035729512052
166.33118105210332
166.84200480908612
169.03622503794404
169.57026805660786
174.3882648554229
175.4795701544316
176.01361317309542
180.4717114158544
180.7851714485484
182.02740194848383
182.99100130824684
184.0590873455745
185.19683116794528
185.74248381744962
186.74091206973418
189.0628382378378
189.46917531725595
#4
2.8211402942459065
4.400050088556373
6.733585887500518
7.116703705237616
9.728870644354197
10.808566312522382
11.31939006950518
13.954776270302798
14.477209658126114
15.545295695453781
16.822355087910775
18.29677820465658
20.90894514377316
22.754876447415544
28.652568914398756
29.709045320885906
31.078981760067045
35.65317631123119
36.175609699054505
36.70965271771834
37.232086105541654
38.276952881188286
39.86747230633927
40.37829606332207
41.43477246980922
46.229550006943214
47.35568419847347
49.45702738060725
50.490284525413365
51.14042385248238
53.69454263739637
64.18964891722476
65.96592243582404
67.45195518341036
67.99760783291471
69.08891313192342
69.5881272580657
72.25834235138487
73.83725214569533
74.3945144260402
75.5438678792515
79.0035378697259
80.67532471076052
81.16292920606227
82.23101524338995
85.4701022478945
85.96931637403678
86.82842905623512
87.59466469170933
88.65114109819648
90.11395458410176
93.50396678953305
94.59527208854176
95.18736326140818
95.67496775670995
96.46442265386517
96.68500563983503
97.26548718186093
99.92409264433958
100.45813566300342
101.51461206949057
103.09352186380103
103.11674112548206
104.68404128895202
106.4022666533487
107.91151866261606
109.5368669802886
110.08251962979296
111.09255751291802
112.81078287731471
113.84404002212082
114.37808304078466
116.06147951265979
117.10634628830643
121.5760541619059
122.38872832074217
125.89483683457864
128.56505192789783
132.25691453518257
133.59202208184217
135.2057607686742
136.52925868449327
139.12981599276932
139.98892867496767
141.38208437582983
143.95942242242486
146.5948086232225
147.21011905776993
147.73255244559326
148.18532804837346
148.77741922123988
151.43602468371853
152.52732998272725
152.98010558550746
153.88565679106787
154.65189242654208
156.2772407442146
157.159572688094
159.08677140762
160.45670784680112
160.97914123462445
161.79181539346072
162.14010431867626
162.56966065977542
164.10213193072383
164.41559196341782
165.27470464561617
165.70426098671533
166.58659293059472
167.38765745859047
167.94491973893534
168.96656725290092
169.3380754397975
169.81407030425873
170.29006516872
172.75130690690983
173.52915217322456
175.20093901425915
176.8262873319317
178.14978524775077
179.2527001776
179.98410692055262
181.06380258872082
181.91130564007864
185.54512009316082
186.2997460977945
189.19054417708352
#5
48.93459399278394
51.04754680575824
52.6264566000687
65.82660686573782
66.15167652927232
70.69104218791492
75.21879821571699
77.145996935243
79.10802454729057
79.58401941175181
82.2658441359115
87.16510835061015
89.23162264022238
93.56201494373565
95.08287658384351
103.11674112548206
112.75273472311211
122.14492607309128
126.16185834391057
127.19511548871668
128.82046380638923
133.0928079556999
134.3814769789974
136.76145130130362
138.92084263764
140.2791694459806
141.8812985019721
148.2782050950976
149.32307187074423
150.35632901555036
150.91359129589523
154.3616516555291
155.26720286108952
156.219192590012
157.03186674884827
157.53108087499055
159.36540254779243
161.06040865050807
162.26781025792195
164.29949565501263
165.77391877175845
166.36600994462486
166.70268923899988
167.10902631841802
168.8272516828147
170.20879775283638
170.58030593973294
171.6367823462201
172.17082536488394
173.8193929442375
177.09330884126362
178.69543789725512
180.29756695324662
181.31921446721222
187.41427065848424
188.0992388780748
#6
1.1493534532112952
6.826462934224663
7.174751859440207
9.043902424763626
15.080910461833057
20.09627098493689
22.232443059592228
29.906409045174712
30.870008404937717
31.404051423601555
40.912339081985905
47.61109607696487
47.92455610965886
57.24708967459492
65.86143575825938
66.44191730028528
68.62452789830269
76.85575616423004
79.24734011737678
80.58244766403637
83.867973191903
88.70918925239906
89.19679374770082
89.52186341123533
96.7314441631971
108.02761497102124
122.66735946091461
124.80353153556995
125.3491841850743
126.42887985324248
127.47374662888912
128.03100890923398
129.09909494656165
130.39937360069968
131.18882849785493
131.73448114735928
137.02847281063555
139.73351679647627
140.82482209548496
141.8580792402911
142.92616527761874
145.01589882891201
146.07237523539916
151.51729209960217
153.04976337055055
155.74319772555077
156.3352888984172
156.81128376287845
157.28727862733967
158.35536466466735
158.8313595291286
159.9226648281373
160.72372935613305
162.04722727195212
162.6741473373401
164.38076307089625
169.2800272855949
170.04626292106911
170.98664301915107
171.3813704677287
171.88058459387096
174.42309374794445
174.93391750492725
176.53604656091875
177.62735185992744
178.39358749540165
179.71708541122072
180.42527289249233
181.57462634570362
183.53665395775118
186.84539874729884
