#1
4.910967338925575
8.219775120471176
8.591290380153488
9.369150455113331
17.635364983044795
20.259191504551133
24.067222916294842
26.934856326967694
29.036239514545777
32.0431911475995
33.23900588970194
35.96732107799393
40.44872389791183
41.644538640014275
42.23664108513296
42.53849723362484
42.84035338211672
44.941736569694804
49.59728716758879
50.630563983580224
50.9324201320721
52.128234874174545
56.02914510083883
56.342611101195786
59.62819917901124
67.4300196323398
70.43697126539354
71.52829734071032
73.14206674995538
73.73416919507406
75.23184008566838
78.52903801534892
82.74341424237015
83.33551668748883
85.72714617169373
86.63271461716937
87.82852935927181
88.13038550776369
89.62805639835801
93.83082277351419
95.63034981260039
99.54286989112974
100.13497233624844
100.7386846332322
102.23635552382652
103.44378011779403
105.83540960199892
107.03122434410136
109.43446368017133
111.23399071925753
111.83770301624129
113.03351775834373
113.33537390683561
115.73861324290557
117.83999643048367
120.23162591468855
125.32835088345529
125.64181688381224
128.48623059075496
#2
17.263849723362483
19.12142602177405
27.37603069784044
28.43252721756202
30.82415670176691
31.43947885061574
32.65851329644833
33.54086203819382
37.44177226485811
38.03387470997679
38.93944315545243
39.845011600928075
41.04082634303052
43.142209530608596
43.444065679100476
43.88524004997323
45.24359271818668
45.83569516330537
46.439407460289125
48.831036944494016
57.23656969480635
58.13052828841692
59.036096733892556
60.231911475995
60.53376762448688
61.439336069962515
64.43467785115116
65.00356059253971
65.6304925932536
68.62583437444226
69.83325896840978
72.23649830447974
74.03602534356594
74.62812778868462
81.69852757451365
82.4299482420132
83.1845886132429
83.62576298411565
84.22947528109941
84.83318757808317
85.25114224522576
89.03595395323933
91.43919328930929
94.13267892200606
96.52430840621095
97.42987685168659
98.03358914867034
99.83311618775656
101.33078707835088
101.93449937533464
104.94145100838836
106.1372657504908
107.33308049259324
110.64188827413885
112.13955916473317
114.53118864893806
114.83304479742993
118.13024272711047
119.33766732107799
124.1441459932179
128.64876851686594
#3
5.5495091915045505
9.7174460110655
12.039416384079956
12.736007495984293
13.084303051936462
14.663242905586293
16.056425129394967
17.914001427806532
18.250687131893628
18.749910762091737
20.49138854185258
21.954229876851684
23.626048545422094
23.939514545779044
24.252980546135998
24.717374620738887
29.338095663037656
29.941807960021414
34.16779403890773
36.53620381938247
37.74362841334999
40.73897019453864
41.78385686239514
44.338024272711046
44.790808495448864
47.635222202391574
48.08800642512939
48.69171872211315
49.434749241477775
50.026851686596466
50.79310190969123
51.09495805818311
51.98891665179368
53.03380331965018
53.33565946814206
53.63751561663394
54.22961806175263
63.830965554167406
64.13282170265929
67.73187578083169
68.03373192932358
69.22954667142602
71.44702837765482
71.96947171158308
74.48880956630376
77.3216134213814
77.63507942173835
78.69157594145993
79.73646260931643
80.79295912903801
81.23413349991075
83.03366053899695
84.53133142959129
86.02900232018561
86.93457076566125
88.43224165625557
90.23176869534177
90.6381135106193
92.03129573442799
92.63500803141174
94.43453507049794
94.86409958950561
96.8377744065679
98.19612707478136
98.6373014456541
98.93915759414598
99.3919418168838
100.58775655898626
101.04054078172408
101.63264322684276
102.38728359807246
102.84006782081028
105.23169730501516
105.99794752810993
107.63493664108513
108.23864893806889
108.54050508656077
109.73631982866321
117.23628413349991
118.43209887560235
119.63952346956987
123.0992593253614
123.40111547385328
123.84228984472603
125.7811351061931
126.09460110655006
126.39645725504194
127.0001695520257
127.30202570051758
127.74320007139032
128.93901481349278
129.24087096198465
129.54272711047653
129.8445832589684
#4
5.34053185793325
7.116839193289309
8.080456898090308
9.485248973764055
10.855211493842583
12.399321791897197
12.92176512582545
13.47903801534892
14.628413349991074
14.965099054078172
16.1260842405854
18.01849009459218
18.390005354274496
22.47667321077994
24.16010173121542
24.485177583437444
24.83347313938961
27.805595216848115
28.14228092093521
29.639951811529535
30.545520257005172
31.13762270212386
33.14612707478137
35.06175263251829
35.375218632875246
36.23434767089059
37.13991611636623
38.63758700696055
39.98432982330894
40.29779582366589
41.93478493664108
42.68942530787078
43.59499375334642
44.187096198465106
44.639880421202925
45.09266464394074
46.137551311797246
47.333366053899695
47.93707835088345
48.38986257362127
49.29543101909691
54.53147421024451
55.13518650722827
56.93471354631447
58.4323844369088
61.72958236658933
62.031438515081206
62.635150812064964
62.93700696055684
64.95712118507942
65.32863644476173
65.94395859361056
66.82630733535605
68.33558807781546
68.92769052293414
71.02907371051222
72.82860074959842
73.43231304658218
74.37271104765304
74.9299839371765
75.67301445654114
76.42765482777084
77.0313671247546
79.29528823844369
79.59714438693557
79.89900053542745
80.49110298054613
81.09481527752989
81.98877387114045
82.29063001963233
84.20625557736926
85.13504372657505
87.09710869177226
87.70082098875602
90.83548099232553
91.7294395859361
93.69150455113332
96.23406210958414
97.73173300017847
98.49798322327324
99.69379796537568
99.99565411386756
100.29751026235944
100.88961270747814
101.19146885597002
102.09703730144565
102.68913974656434
103.74563626628591
104.3377387114046
104.63959485989648
105.54516330537211
106.43912189898268
107.93679278957701
108.83075138318758
112.74327146171693
113.63723005532749
115.13490094592181
117.53814028199179
118.73395502409423
120.83533821167231
121.43905050865607
122.64647510262358
123.25018739960734
123.69136177048009
124.58532036409066
124.88717651258254
125.4908888095663
126.5357754774228
127.59227199714438
128.78808673924684
129.08994288773872
129.40340888809567
#5
3.378466892736034
4.156326967695877
4.539452079243262
5.2824825986078885
6.037122969837586
6.397028377654827
7.488354452971622
8.974415491700874
10.088961270747813
12.364492236301981
14.24528823844369
15.742959129038015
16.48598964840264
21.01383187578083
21.385347135463142
22.105157951097624
23.254533285739782
24.61288595395324
26.633000178475815
27.538568623951452
27.84042477244333
29.489023737283595
30.092736034267354
31.741334999107618
32.34504729609138
33.04163840799571
34.77150633589149
36.1879082634303
36.98898804212029
40.146867749419954
40.5880421202927
41.19175441727646
41.493610565768336
42.08571301088702
42.99128145636266
43.73431197572729
44.50056219882206
45.54544886667856
46.741263608781004
48.23893449937533
50.49124576119935
51.53613242905586
51.83798857754774
52.74355702302338
55.73889880421203
57.53842584329823
58.73424058540068
59.941665179368194
61.137479921470636
62.333294663573085
63.22725325718365
64.73653399964304
65.03839014813492
66.23420489023736
67.139773335713
67.8944137069427
70.13511511690166
70.73882741388542
71.93464215598786
72.53835445297162
74.33788149205782
75.53369623416026
76.74112082812779
78.38971979296805
80.03831875780831
80.630421202927
80.93227735141888
81.53598964840263
81.83784579689451
82.89434231661609
83.48644476173477
83.93922898447259
85.43689987506693
86.34246832054257
87.23642691415313
87.53828306264501
88.73409780474745
89.33781010173121
89.94152239871497
90.71938247367481
91.13733714081741
92.93686417990362
93.54057647688738
94.73639121898982
95.0382473674817
95.93220596109227
97.5924147777976
98.33544529716222
99.24101374263786
101.4933250044619
101.79518115295377
103.14192396930216
109.13260753167945
110.03817597715509
110.34003212564697
111.53584686774941
112.42980546135998
115.4367570944137
116.02885953953239
116.34232553988934
119.03581117258611
119.94137961806175
120.53348206318043
121.13719436016419
121.74090665714795
123.54043369623415
123.99321791897196
124.29507406746384
124.7362484383366
125.18903266107442
125.93206318043904
126.83763162591468
127.13948777440656
127.89412814563626
128.34691236837406
129.69365518472247
#6
3.006951633053721
3.761592004283419
5.688827413885418
6.756933785472068
7.859869712653935
10.472086382295199
11.23833660538997
11.586632161342138
11.992976976619667
13.850553275031233
14.361386757094413
15.371443869355701
16.869114759950026
19.48133142959129
19.864456541138676
20.64231661609852
21.745252543280383
22.871408174192396
23.50995002677137
27.68949669819739
30.243664108513293
32.937149741210064
33.8427181866857
34.458040335534534
35.677074781367125
37.29084419061217
39.24129930394432
39.543155452436196
40.88989826878458
41.342682491522396
42.3875691593789
43.293137604854536
44.03616812421917
47.04311975727288
48.54079064786721
49.132893092985896
49.736605389969654
50.34031768695341
51.23427628056398
52.430091022666424
53.93937176512582
54.83333035873639
55.43704265572015
56.63285739782259
57.82867213992504
59.337952882384435
60.83562377297876
63.5407192575406
66.04844726039622
66.53606103872924
68.49812600392646
69.54301267178298
71.3309298590041
71.63278600749598
75.83555238265214
76.13740853114402
77.93693557023023
78.23879171872211
78.8308941638408
79.13275031233267
79.43460646082455
80.34017490630019
82.12809209352132
84.1482063180439
90.53362484383365
92.33315188291986
93.22711047653043
95.3284936641085
97.13963055505978
97.89427092628948
100.43682848474032
102.5382116723184
104.03588256291272
106.74097804747456
110.93213457076565
113.93908620381937
114.24094235231125
116.63257183651615
116.93442798500803
122.03115295377475
124.44600214170978
125.03810458682848
126.245529180796
126.69831340353382
127.44134392289844
128.03344636801714
