#1
#2
0.6965589901507874
2.0664583374473358
2.844282543115715
3.6104974322815813
3.9471676108544616
5.8627048337691265
12.863122684784539
33.41161289423277
43.395625086394055
45.69426975389165
50.48891746942957
59.47452844237473
64.86125129954081
70.92131451385266
73.09225669982261
73.24317781435529
74.3112349325865
78.07265347940076
80.39451677990337
86.12951913214485
92.444987309512
98.8185020693917
100.83852314082898
101.17519331940187
103.13716780832658
110.30011609037717
115.04832653990505
119.14641526529218
120.2260817000259
128.4454777838052
133.4839211458959
137.87224278384585
144.7333488368311
145.39507987747436
147.89108292551467
148.77339097970565
151.79181327035909
153.80022502529386
163.18055275932446
163.54044157090235
164.16734466203806
164.84068501918384
172.6885829748827
176.3106897236668
179.56129834437047
185.5168777101597
185.98125037026023
188.39598820278295
188.9764540279086
189.4059987385016
191.0777403148635
#3
1.2886341317789567
1.8226626908945602
2.0664583374473358
2.0664583374473358
2.0664583374473358
2.0664583374473358
2.6004868965629395
3.0996875061710036
3.3550924692262925
3.3550924692262925
3.3550924692262925
3.3550924692262925
3.3550924692262925
3.6104974322815813
4.225791206914777
4.736601133025354
5.6653464532264035
5.8627048337691265
5.8627048337691265
15.034064870754493
16.94960209366916
19.59652625624215
20.978034920041214
21.26826783260404
21.26826783260404
22.336324950835248
22.963228041970957
24.971639796905727
25.296700658976093
25.656589470554
26.306711194694735
27.525689427458612
28.907198091257676
29.197431003820505
29.197431003820505
29.197431003820505
29.580538448403438
30.2538788055492
30.85756326367988
32.70344458757947
34.05012530187099
34.677028393006694
35.292322167639895
36.58095629941885
37.173031441047016
38.46166557282598
39.100177980464196
39.66903448908734
40.31915621322808
41.004105886876346
45.740707019901706
47.389229963258565
50.825587648002454
51.475709372143186
52.47411059135931
52.810780769932194
53.47251181057544
53.80918198914832
54.447694396786545
54.83080184136948
55.19069065294738
55.829203060585606
56.46771546822383
56.85082291280676
57.18749309137964
57.500944636947494
57.84922413202289
58.18589431059577
58.51095517266614
58.84762535123902
59.19590484631441
60.182696749028025
60.49614829459588
60.84442778967127
61.169488651741645
61.482940197309496
61.81961037588238
62.14467123795274
62.818011595098504
63.50296126874678
63.828022130817146
64.51297180446542
65.18631216161118
65.48815439067653
65.8248245692494
66.49816492639516
66.83483510496805
67.50817546211381
67.84484564068669
68.50657668132993
68.80841891039528
69.21474498798324
69.84164807911894
71.21154742641549
71.54821760498838
72.25638591164167
72.58144677371205
73.21995918135026
74.65951442766189
74.98457528973226
75.34446410131017
76.3544746370288
76.67953549909917
77.02781499417456
77.38770380575248
77.70115535132032
80.06945591783301
80.73118695847626
84.78283841785334
85.1078992799237
86.15273776514988
86.7796408562856
87.1395296678635
88.52103833166257
89.50783023437617
90.83129231566267
91.14474386123052
91.4698047233009
91.80647490187377
92.46820594251702
92.81648543759242
93.97741708784373
94.43018043144174
94.76685061001461
95.44019096716038
95.77686114573326
96.11353132430614
96.84491826396447
97.50664930460772
97.8433194831806
98.15677102874845
98.48183189081882
99.50345174303997
100.17679210018574
101.84853367654762
102.15037590561296
104.49545783912062
107.25847516671874
107.95503415686953
108.28009501893989
109.27849623815602
112.99347751896022
113.3301476975331
113.6784271926085
114.35176754975426
114.71165636133216
116.08155570862871
116.40661657069909
116.75489606577447
117.09156624434735
117.42823642292024
118.101576780066
121.18965496973449
123.00070834412654
125.41544617664927
129.45548831952382
131.49872802396615
134.48232236511203
135.49233290083066
136.8622322481272
138.5455831409916
139.57881230971526
140.25215266686104
140.58882284543392
140.9371023405093
141.61044269765506
142.2721737382983
143.6652917185999
144.04839916318284
144.68691157082105
144.7333488368311
145.03519106589644
146.405090413193
147.07843077033874
147.75177112748452
150.06202511148462
154.52000264844966
155.1817336890929
155.5184038676658
155.57645045017836
155.57645045017836
162.43755650316362
162.48399376917365
162.48399376917365
164.8174663861788
166.8607060906211
167.48760918175682
168.7762433135358
169.44958367068153
169.7746445327519
171.05166934802835
171.41155815960624
173.61732829508375
175.57930278400846
176.26425245765674
177.25104436037034
177.5644959059382
177.9127754010136
178.21461763007895
179.2478467988026
186.34113918183814
187.4672428825819
188.01288075820003
189.01128197741616
190.00968319663227
190.38118132471268
191.01969373235093
191.41441049343638
192.9584495882706
#4
1.044838485226181
1.5556484113367584
1.8226626908945602
1.8226626908945602
2.3334726170051376
2.6004868965629395
3.3550924692262925
4.469586853467552
5.026834045588182
7.557665043136042
12.201391644141292
15.637749328885176
16.299480369528425
17.58811450130738
20.618146108463307
21.26826783260404
21.616547327679434
28.233857734111915
28.570527912684796
29.197431003820505
32.08815081294627
37.83476248169027
47.63302560981134
51.82398886721858
53.13584163200256
56.50254341773137
59.497747075379756
59.81119862094761
64.15308299288752
65.15148421210364
67.17150528354092
89.1711600558033
89.83289109644655
90.16956127501942
90.5062314535923
93.11832766665776
94.11672888587388
95.09191147208499
114.3865954992618
148.0884413060574
153.46355484672097
188.3495509367729
#5
11.493223337487992
13.513244408925274
23.64817771561923
24.32151807276499
73.24317781435529
92.14314508044666
93.4317792122256
96.48502945238656
98.84172070239673
155.57645045017836
162.48399376917365
#6
31.472857038313077
55.48092356551021
68.8316375434003
178.261054896089
